0.001	9
0.002	12
0.003	13
0.004	7
0.005	10
0.006	6
0.007	13
0.008	12
0.009	7
0.01	10
0.011	7
0.012	12
0.013	11
0.014	9
0.015	9
0.016	8
0.017	11
0.018	9
0.019	14
0.02	11
0.021	9
0.022	11
0.023	11
0.024	14
0.025	6
0.026	11
0.027	8
0.028	7
0.029	11
0.03	10
0.031	9
0.032	11
0.033	14
0.034	7
0.035	11
0.036	10
0.037	13
0.038	1
0.039	11
0.04	11
0.041	7
0.042	12
0.043	11
0.044	11
0.045	8
0.046	10
0.047	17
0.048	9
0.049	23
0.05	14
0.051	11
0.052	17
0.053	14
0.054	17
0.055	11
0.056	19
0.057	21
0.058	11
0.059	8
0.06	13
0.061	13
0.062	8
0.063	18
0.064	9
0.065	13
0.066	9
0.067	14
0.068	10
0.069	14
0.07	7
0.071	13
0.072	7
0.073	10
0.074	12
0.075	12
0.076	14
0.077	10
0.078	10
0.079	16
0.08	11
0.081	11
0.082	11
0.083	13
0.084	10
0.085	8
0.086	6
0.087	13
0.088	12
0.089	12
0.09	9
0.091	7
0.092	9
0.093	9
0.094	20
0.095	14
0.096	10
0.097	9
0.098	11
0.099	6
0.1	11
0.101	5
0.102	4
0.103	9
0.104	6
0.105	9
0.106	7
0.107	12
0.108	14
0.109	8
0.11	13
0.111	8
0.112	12
0.113	9
0.114	11
0.115	10
0.116	11
0.117	18
0.118	8
0.119	15
0.12	18
0.121	8
0.122	4
0.123	14
0.124	12
0.125	8
0.126	14
0.127	12
0.128	9
0.129	11
0.13	11
0.131	7
0.132	9
0.133	13
0.134	8
0.135	12
0.136	16
0.137	16
0.138	12
0.139	15
0.14	19
0.141	14
0.142	16
0.143	27
0.144	10
0.145	14
0.146	8
0.147	14
0.148	10
0.149	15
0.15	13
0.151	9
0.152	7
0.153	9
0.154	15
0.155	11
0.156	6
0.157	6
0.158	11
0.159	11
0.16	7
0.161	11
0.162	15
0.163	12
0.164	18
0.165	9
0.166	10
0.167	11
0.168	15
0.169	10
0.17	6
0.171	12
0.172	10
0.173	18
0.174	7
0.175	13
0.176	8
0.177	14
0.178	12
0.179	13
0.18	10
0.181	14
0.182	9
0.183	10
0.184	12
0.185	11
0.186	11
0.187	10
0.188	6
0.189	15
0.19	18
0.191	10
0.192	14
0.193	7
0.194	17
0.195	12
0.196	13
0.197	7
0.198	13
0.199	18
0.2	12
0.201	8
0.202	13
0.203	12
0.204	15
0.205	16
0.206	12
0.207	11
0.208	10
0.209	15
0.21	11
0.211	14
0.212	18
0.213	11
0.214	11
0.215	7
0.216	6
0.217	12
0.218	11
0.219	15
0.22	17
0.221	14
0.222	7
0.223	13
0.224	12
0.225	8
0.226	12
0.227	18
0.228	18
0.229	13
0.23	13
0.231	16
0.232	12
0.233	13
0.234	16
0.235	15
0.236	10
0.237	12
0.238	16
0.239	15
0.24	12
0.241	11
0.242	12
0.243	12
0.244	18
0.245	12
0.246	8
0.247	12
0.248	12
0.249	12
0.25	15
0.251	18
0.252	18
0.253	13
0.254	20
0.255	15
0.256	16
0.257	15
0.258	17
0.259	12
0.26	19
0.261	17
0.262	14
0.263	20
0.264	16
0.265	20
0.266	11
0.267	10
0.268	14
0.269	11
0.27	16
0.271	8
0.272	15
0.273	11
0.274	10
0.275	10
0.276	10
0.277	14
0.278	10
0.279	11
0.28	9
0.281	8
0.282	9
0.283	11
0.284	9
0.285	12
0.286	16
0.287	12
0.288	11
0.289	15
0.29	13
0.291	9
0.292	13
0.293	10
0.294	12
0.295	17
0.296	14
0.297	11
0.298	13
0.299	9
0.3	7
0.301	8
0.302	10
0.303	10
0.304	17
0.305	11
0.306	11
0.307	9
0.308	12
0.309	8
0.31	6
0.311	12
0.312	9
0.313	14
0.314	12
0.315	16
0.316	16
0.317	11
0.318	10
0.319	17
0.32	11
0.321	12
0.322	21
0.323	15
0.324	12
0.325	11
0.326	10
0.327	19
0.328	12
0.329	17
0.33	16
0.331	22
0.332	11
0.333	14
0.334	16
0.335	14
0.336	13
0.337	17
0.338	10
0.339	11
0.34	17
0.341	13
0.342	17
0.343	10
0.344	17
0.345	9
0.346	15
0.347	14
0.348	14
0.349	11
0.35	9
0.351	14
0.352	20
0.353	8
0.354	14
0.355	14
0.356	18
0.357	25
0.358	14
0.359	11
0.36	5
0.361	15
0.362	13
0.363	14
0.364	11
0.365	19
0.366	10
0.367	9
0.368	18
0.369	12
0.37	15
0.371	11
0.372	21
0.373	11
0.374	12
0.375	15
0.376	17
0.377	7
0.378	13
0.379	11
0.38	15
0.381	8
0.382	11
0.383	19
0.384	14
0.385	11
0.386	15
0.387	9
0.388	16
0.389	7
0.39	18
0.391	11
0.392	8
0.393	13
0.394	18
0.395	11
0.396	10
0.397	10
0.398	16
0.399	17
0.4	9
0.401	15
0.402	5
0.403	8
0.404	9
0.405	13
0.406	14
0.407	11
0.408	17
0.409	23
0.41	12
0.411	9
0.412	11
0.413	13
0.414	8
0.415	16
0.416	11
0.417	11
0.418	21
0.419	23
0.42	9
0.421	14
0.422	10
0.423	16
0.424	23
0.425	13
0.426	7
0.427	17
0.428	12
0.429	19
0.43	18
0.431	14
0.432	16
0.433	17
0.434	14
0.435	12
0.436	13
0.437	13
0.438	10
0.439	14
0.44	18
0.441	15
0.442	13
0.443	22
0.444	23
0.445	9
0.446	22
0.447	17
0.448	12
0.449	16
0.45	12
0.451	14
0.452	12
0.453	27
0.454	12
0.455	13
0.456	14
0.457	12
0.458	9
0.459	15
0.46	11
0.461	14
0.462	11
0.463	5
0.464	11
0.465	11
0.466	13
0.467	14
0.468	14
0.469	13
0.47	18
0.471	8
0.472	13
0.473	18
0.474	7
0.475	12
0.476	24
0.477	16
0.478	14
0.479	18
0.48	4
0.481	8
0.482	8
0.483	17
0.484	12
0.485	11
0.486	17
0.487	9
0.488	10
0.489	13
0.49	15
0.491	16
0.492	20
0.493	12
0.494	20
0.495	19
0.496	10
0.497	16
0.498	16
0.499	17
0.5	27
0.501	17
0.502	13
0.503	15
0.504	20
0.505	14
0.506	14
0.507	24
0.508	21
0.509	14
0.51	11
0.511	19
0.512	12
0.513	16
0.514	17
0.515	19
0.516	16
0.517	17
0.518	20
0.519	15
0.52	18
0.521	12
0.522	14
0.523	11
0.524	14
0.525	19
0.526	10
0.527	19
0.528	17
0.529	16
0.53	22
0.531	17
0.532	18
0.533	24
0.534	17
0.535	21
0.536	13
0.537	26
0.538	17
0.539	14
0.54	10
0.541	10
0.542	19
0.543	19
0.544	14
0.545	16
0.546	14
0.547	16
0.548	18
0.549	11
0.55	17
0.551	11
0.552	10
0.553	20
0.554	15
0.555	18
0.556	20
0.557	14
0.558	11
0.559	15
0.56	11
0.561	17
0.562	13
0.563	17
0.564	12
0.565	17
0.566	17
0.567	13
0.568	11
0.569	13
0.57	10
0.571	11
0.572	14
0.573	13
0.574	16
0.575	16
0.576	20
0.577	17
0.578	14
0.579	17
0.58	20
0.581	9
0.582	14
0.583	13
0.584	15
0.585	18
0.586	20
0.587	20
0.588	15
0.589	20
0.59	16
0.591	16
0.592	12
0.593	18
0.594	14
0.595	12
0.596	16
0.597	18
0.598	16
0.599	6
0.6	12
0.601	10
0.602	22
0.603	23
0.604	11
0.605	13
0.606	24
0.607	15
0.608	9
0.609	20
0.61	16
0.611	15
0.612	17
0.613	18
0.614	19
0.615	14
0.616	11
0.617	16
0.618	18
0.619	13
0.62	14
0.621	12
0.622	9
0.623	11
0.624	16
0.625	10
0.626	14
0.627	15
0.628	6
0.629	17
0.63	15
0.631	12
0.632	13
0.633	19
0.634	19
0.635	14
0.636	13
0.637	17
0.638	16
0.639	18
0.64	16
0.641	14
0.642	17
0.643	9
0.644	14
0.645	12
0.646	13
0.647	15
0.648	11
0.649	20
0.65	10
0.651	10
0.652	19
0.653	20
0.654	15
0.655	21
0.656	24
0.657	15
0.658	20
0.659	17
0.66	29
0.661	14
0.662	18
0.663	15
0.664	19
0.665	14
0.666	9
0.667	21
0.668	19
0.669	19
0.67	13
0.671	12
0.672	9
0.673	19
0.674	19
0.675	14
0.676	21
0.677	11
0.678	21
0.679	15
0.68	20
0.681	14
0.682	16
0.683	18
0.684	20
0.685	10
0.686	11
0.687	17
0.688	13
0.689	22
0.69	17
0.691	21
0.692	11
0.693	15
0.694	20
0.695	10
0.696	9
0.697	22
0.698	9
0.699	15
0.7	11
0.701	13
0.702	7
0.703	21
0.704	20
0.705	13
0.706	25
0.707	19
0.708	16
0.709	15
0.71	11
0.711	13
0.712	20
0.713	16
0.714	15
0.715	13
0.716	15
0.717	16
0.718	22
0.719	15
0.72	11
0.721	10
0.722	15
0.723	12
0.724	22
0.725	14
0.726	18
0.727	10
0.728	10
0.729	24
0.73	17
0.731	13
0.732	21
0.733	14
0.734	15
0.735	25
0.736	7
0.737	12
0.738	16
0.739	16
0.74	27
0.741	21
0.742	17
0.743	11
0.744	17
0.745	20
0.746	21
0.747	17
0.748	15
0.749	15
0.75	12
0.751	15
0.752	12
0.753	13
0.754	16
0.755	11
0.756	13
0.757	22
0.758	15
0.759	16
0.76	17
0.761	17
0.762	15
0.763	22
0.764	22
0.765	11
0.766	18
0.767	15
0.768	15
0.769	12
0.77	11
0.771	11
0.772	19
0.773	18
0.774	18
0.775	15
0.776	19
0.777	8
0.778	16
0.779	15
0.78	12
0.781	19
0.782	10
0.783	17
0.784	18
0.785	13
0.786	11
0.787	14
0.788	18
0.789	11
0.79	16
0.791	17
0.792	18
0.793	20
0.794	15
0.795	26
0.796	13
0.797	11
0.798	13
0.799	17
0.8	17
0.801	17
0.802	23
0.803	13
0.804	23
0.805	18
0.806	21
0.807	16
0.808	16
0.809	12
0.81	19
0.811	14
0.812	22
0.813	14
0.814	15
0.815	15
0.816	20
0.817	13
0.818	20
0.819	17
0.82	10
0.821	18
0.822	21
0.823	16
0.824	20
0.825	17
0.826	20
0.827	18
0.828	16
0.829	17
0.83	20
0.831	15
0.832	21
0.833	27
0.834	14
0.835	26
0.836	14
0.837	17
0.838	18
0.839	14
0.84	15
0.841	20
0.842	23
0.843	10
0.844	15
0.845	18
0.846	8
0.847	27
0.848	5
0.849	21
0.85	21
0.851	22
0.852	18
0.853	14
0.854	19
0.855	18
0.856	16
0.857	22
0.858	21
0.859	12
0.86	19
0.861	18
0.862	17
0.863	11
0.864	11
0.865	19
0.866	14
0.867	19
0.868	17
0.869	14
0.87	17
0.871	10
0.872	19
0.873	17
0.874	17
0.875	18
0.876	17
0.877	12
0.878	22
0.879	16
0.88	37
0.881	9
0.882	22
0.883	13
0.884	20
0.885	19
0.886	20
0.887	16
0.888	13
0.889	16
0.89	17
0.891	17
0.892	19
0.893	14
0.894	18
0.895	19
0.896	25
0.897	25
0.898	21
0.899	18
0.9	19
0.901	15
0.902	13
0.903	15
0.904	22
0.905	14
0.906	17
0.907	17
0.908	15
0.909	17
0.91	27
0.911	13
0.912	24
0.913	15
0.914	13
0.915	17
0.916	18
0.917	13
0.918	19
0.919	19
0.92	10
0.921	16
0.922	16
0.923	17
0.924	13
0.925	20
0.926	21
0.927	23
0.928	19
0.929	28
0.93	12
0.931	16
0.932	13
0.933	18
0.934	25
0.935	20
0.936	17
0.937	14
0.938	25
0.939	16
0.94	22
0.941	18
0.942	24
0.943	16
0.944	23
0.945	16
0.946	19
0.947	12
0.948	19
0.949	18
0.95	18
0.951	19
0.952	19
0.953	15
0.954	20
0.955	17
0.956	11
0.957	24
0.958	19
0.959	17
0.96	22
0.961	14
0.962	24
0.963	19
0.964	25
0.965	20
0.966	23
0.967	11
0.968	12
0.969	23
0.97	20
0.971	14
0.972	22
0.973	10
0.974	14
0.975	23
0.976	13
0.977	14
0.978	17
0.979	13
0.98	15
0.981	17
0.982	25
0.983	18
0.984	20
0.985	22
0.986	19
0.987	15
0.988	15
0.989	16
0.99	11
0.991	15
0.992	17
0.993	20
0.994	13
0.995	11
0.996	15
0.997	10
0.998	14
0.999	14
1	19
1.001	12
1.002	22
1.003	17
1.004	15
1.005	17
1.006	15
1.007	20
1.008	18
1.009	20
1.01	17
1.011	7
1.012	21
1.013	15
1.014	20
1.015	20
1.016	16
1.017	15
1.018	20
1.019	9
1.02	24
1.021	17
1.022	18
1.023	15
1.024	18
1.025	16
1.026	14
1.027	16
1.028	16
1.029	12
1.03	17
1.031	25
1.032	21
1.033	13
1.034	18
1.035	22
1.036	13
1.037	14
1.038	17
1.039	24
1.04	14
1.041	14
1.042	19
1.043	25
1.044	19
1.045	21
1.046	16
1.047	21
1.048	7
1.049	17
1.05	16
1.051	15
1.052	14
1.053	13
1.054	20
1.055	18
1.056	17
1.057	20
1.058	17
1.059	21
1.06	26
1.061	35
1.062	24
1.063	26
1.064	17
1.065	14
1.066	15
1.067	14
1.068	16
1.069	10
1.07	16
1.071	18
1.072	17
1.073	16
1.074	21
1.075	17
1.076	21
1.077	14
1.078	26
1.079	23
1.08	19
1.081	7
1.082	23
1.083	21
1.084	17
1.085	15
1.086	22
1.087	18
1.088	24
1.089	18
1.09	14
1.091	11
1.092	24
1.093	25
1.094	16
1.095	29
1.096	13
1.097	20
1.098	17
1.099	19
1.1	18
1.101	18
1.102	20
1.103	22
1.104	22
1.105	23
1.106	9
1.107	15
1.108	21
1.109	13
1.11	15
1.111	13
1.112	20
1.113	16
1.114	30
1.115	21
1.116	20
1.117	16
1.118	22
1.119	16
1.12	23
1.121	17
1.122	19
1.123	21
1.124	18
1.125	11
1.126	16
1.127	17
1.128	19
1.129	18
1.13	16
1.131	24
1.132	18
1.133	18
1.134	15
1.135	24
1.136	22
1.137	16
1.138	16
1.139	13
1.14	16
1.141	22
1.142	18
1.143	26
1.144	16
1.145	18
1.146	31
1.147	11
1.148	20
1.149	25
1.15	18
1.151	13
1.152	22
1.153	18
1.154	12
1.155	16
1.156	16
1.157	32
1.158	20
1.159	26
1.16	22
1.161	23
1.162	22
1.163	13
1.164	22
1.165	23
1.166	22
1.167	20
1.168	21
1.169	24
1.17	23
1.171	18
1.172	22
1.173	12
1.174	22
1.175	15
1.176	15
1.177	22
1.178	19
1.179	20
1.18	34
1.181	26
1.182	29
1.183	22
1.184	32
1.185	25
1.186	31
1.187	13
1.188	21
1.189	13
1.19	18
1.191	13
1.192	10
1.193	16
1.194	19
1.195	16
1.196	22
1.197	17
1.198	27
1.199	25
1.2	28
1.201	26
1.202	22
1.203	22
1.204	30
1.205	21
1.206	24
1.207	18
1.208	30
1.209	23
1.21	20
1.211	15
1.212	24
1.213	31
1.214	15
1.215	38
1.216	17
1.217	15
1.218	24
1.219	24
1.22	23
1.221	19
1.222	27
1.223	32
1.224	16
1.225	21
1.226	18
1.227	14
1.228	26
1.229	19
1.23	22
1.231	22
1.232	31
1.233	17
1.234	29
1.235	23
1.236	23
1.237	22
1.238	17
1.239	27
1.24	25
1.241	20
1.242	20
1.243	15
1.244	25
1.245	18
1.246	22
1.247	24
1.248	17
1.249	14
1.25	24
1.251	19
1.252	21
1.253	30
1.254	21
1.255	19
1.256	24
1.257	21
1.258	26
1.259	15
1.26	22
1.261	18
1.262	12
1.263	28
1.264	22
1.265	19
1.266	25
1.267	21
1.268	20
1.269	15
1.27	17
1.271	30
1.272	18
1.273	21
1.274	29
1.275	22
1.276	14
1.277	26
1.278	18
1.279	25
1.28	22
1.281	26
1.282	19
1.283	19
1.284	21
1.285	22
1.286	26
1.287	24
1.288	19
1.289	19
1.29	14
1.291	18
1.292	19
1.293	28
1.294	31
1.295	23
1.296	31
1.297	35
1.298	17
1.299	26
1.3	18
1.301	21
1.302	19
1.303	12
1.304	15
1.305	12
1.306	18
1.307	16
1.308	18
1.309	17
1.31	16
1.311	20
1.312	23
1.313	21
1.314	31
1.315	21
1.316	23
1.317	24
1.318	22
1.319	24
1.32	15
1.321	20
1.322	20
1.323	23
1.324	19
1.325	25
1.326	24
1.327	24
1.328	31
1.329	24
1.33	15
1.331	23
1.332	24
1.333	17
1.334	22
1.335	25
1.336	21
1.337	25
1.338	12
1.339	20
1.34	20
1.341	18
1.342	20
1.343	17
1.344	22
1.345	25
1.346	21
1.347	31
1.348	16
1.349	26
1.35	21
1.351	24
1.352	16
1.353	28
1.354	19
1.355	22
1.356	33
1.357	20
1.358	14
1.359	21
1.36	23
1.361	18
1.362	26
1.363	27
1.364	14
1.365	21
1.366	24
1.367	23
1.368	21
1.369	19
1.37	25
1.371	23
1.372	19
1.373	26
1.374	21
1.375	17
1.376	19
1.377	13
1.378	25
1.379	25
1.38	18
1.381	15
1.382	20
1.383	29
1.384	13
1.385	23
1.386	19
1.387	25
1.388	25
1.389	33
1.39	26
1.391	26
1.392	16
1.393	21
1.394	25
1.395	22
1.396	21
1.397	28
1.398	17
1.399	29
1.4	21
1.401	24
1.402	33
1.403	18
1.404	17
1.405	29
1.406	23
1.407	13
1.408	17
1.409	28
1.41	20
1.411	15
1.412	18
1.413	26
1.414	23
1.415	19
1.416	22
1.417	24
1.418	18
1.419	19
1.42	16
1.421	17
1.422	21
1.423	20
1.424	17
1.425	23
1.426	20
1.427	24
1.428	22
1.429	24
1.43	17
1.431	25
1.432	22
1.433	24
1.434	25
1.435	23
1.436	25
1.437	25
1.438	21
1.439	20
1.44	19
1.441	36
1.442	25
1.443	18
1.444	20
1.445	26
1.446	30
1.447	29
1.448	21
1.449	25
1.45	32
1.451	22
1.452	24
1.453	19
1.454	24
1.455	19
1.456	26
1.457	19
1.458	25
1.459	35
1.46	30
1.461	18
1.462	26
1.463	25
1.464	21
1.465	16
1.466	23
1.467	27
1.468	20
1.469	30
1.47	19
1.471	19
1.472	19
1.473	23
1.474	25
1.475	25
1.476	34
1.477	18
1.478	24
1.479	26
1.48	17
1.481	19
1.482	23
1.483	29
1.484	24
1.485	16
1.486	23
1.487	28
1.488	27
1.489	18
1.49	26
1.491	22
1.492	16
1.493	25
1.494	26
1.495	31
1.496	22
1.497	33
1.498	23
1.499	18
1.5	31
1.501	24
1.502	26
1.503	25
1.504	31
1.505	36
1.506	33
1.507	23
1.508	21
1.509	28
1.51	23
1.511	22
1.512	30
1.513	32
1.514	46
1.515	37
1.516	46
1.517	45
1.518	32
1.519	43
1.52	43
1.521	30
1.522	25
1.523	33
1.524	32
1.525	35
1.526	26
1.527	27
1.528	20
1.529	24
1.53	32
1.531	30
1.532	33
1.533	41
1.534	41
1.535	35
1.536	28
1.537	28
1.538	31
1.539	31
1.54	26
1.541	26
1.542	17
1.543	37
1.544	28
1.545	25
1.546	38
1.547	35
1.548	44
1.549	28
1.55	21
1.551	32
1.552	22
1.553	33
1.554	33
1.555	27
1.556	26
1.557	18
1.558	37
1.559	37
1.56	35
1.561	26
1.562	45
1.563	30
1.564	26
1.565	27
1.566	23
1.567	21
1.568	30
1.569	33
1.57	20
1.571	30
1.572	27
1.573	35
1.574	34
1.575	28
1.576	40
1.577	27
1.578	24
1.579	26
1.58	26
1.581	27
1.582	26
1.583	34
1.584	25
1.585	30
1.586	22
1.587	39
1.588	29
1.589	29
1.59	26
1.591	25
1.592	37
1.593	34
1.594	28
1.595	33
1.596	28
1.597	28
1.598	24
1.599	29
1.6	30
1.601	31
1.602	30
1.603	32
1.604	47
1.605	39
1.606	26
1.607	22
1.608	35
1.609	31
1.61	23
1.611	27
1.612	33
1.613	31
1.614	20
1.615	31
1.616	30
1.617	31
1.618	40
1.619	27
1.62	17
1.621	24
1.622	26
1.623	33
1.624	24
1.625	27
1.626	27
1.627	21
1.628	31
1.629	29
1.63	29
1.631	27
1.632	21
1.633	40
1.634	27
1.635	33
1.636	33
1.637	21
1.638	23
1.639	20
1.64	21
1.641	24
1.642	37
1.643	35
1.644	30
1.645	36
1.646	19
1.647	42
1.648	27
1.649	32
1.65	19
1.651	40
1.652	31
1.653	26
1.654	32
1.655	27
1.656	34
1.657	35
1.658	34
1.659	30
1.66	31
1.661	34
1.662	28
1.663	21
1.664	25
1.665	26
1.666	39
1.667	28
1.668	34
1.669	40
1.67	33
1.671	30
1.672	22
1.673	28
1.674	27
1.675	39
1.676	37
1.677	29
1.678	13
1.679	25
1.68	23
1.681	29
1.682	35
1.683	36
1.684	27
1.685	31
1.686	31
1.687	42
1.688	29
1.689	26
1.69	26
1.691	41
1.692	27
1.693	32
1.694	35
1.695	34
1.696	43
1.697	34
1.698	41
1.699	37
1.7	42
1.701	31
1.702	45
1.703	27
1.704	30
1.705	35
1.706	39
1.707	34
1.708	27
1.709	26
1.71	30
1.711	25
1.712	36
1.713	29
1.714	36
1.715	43
1.716	41
1.717	60
1.718	32
1.719	33
1.72	25
1.721	36
1.722	44
1.723	48
1.724	35
1.725	20
1.726	25
1.727	25
1.728	31
1.729	45
1.73	29
1.731	28
1.732	13
1.733	26
1.734	23
1.735	20
1.736	18
1.737	25
1.738	24
1.739	20
1.74	19
1.741	17
1.742	24
1.743	14
1.744	19
1.745	38
1.746	26
1.747	24
1.748	21
1.749	28
1.75	30
1.751	20
1.752	22
1.753	25
1.754	22
1.755	16
1.756	25
1.757	18
1.758	16
1.759	32
1.76	22
1.761	23
1.762	30
1.763	32
1.764	33
1.765	22
1.766	31
1.767	23
1.768	23
1.769	19
1.77	11
1.771	28
1.772	23
1.773	18
1.774	18
1.775	24
1.776	34
1.777	33
1.778	34
1.779	23
1.78	29
1.781	27
1.782	23
1.783	27
1.784	30
1.785	21
1.786	22
1.787	21
1.788	33
1.789	22
1.79	29
1.791	28
1.792	42
1.793	27
1.794	33
1.795	31
1.796	30
1.797	24
1.798	13
1.799	26
1.8	20
1.801	29
1.802	23
1.803	25
1.804	31
1.805	33
1.806	22
1.807	24
1.808	29
1.809	21
1.81	12
1.811	21
1.812	21
1.813	16
1.814	33
1.815	20
1.816	22
1.817	31
1.818	31
1.819	27
1.82	17
1.821	20
1.822	19
1.823	21
1.824	13
1.825	17
1.826	22
1.827	25
1.828	26
1.829	29
1.83	38
1.831	19
1.832	20
1.833	22
1.834	28
1.835	29
1.836	23
1.837	31
1.838	24
1.839	35
1.84	21
1.841	23
1.842	29
1.843	21
1.844	30
1.845	18
1.846	21
1.847	29
1.848	36
1.849	27
1.85	19
1.851	21
1.852	27
1.853	30
1.854	28
1.855	46
1.856	32
1.857	35
1.858	23
1.859	18
1.86	30
1.861	31
1.862	25
1.863	22
1.864	26
1.865	28
1.866	28
1.867	41
1.868	34
1.869	28
1.87	33
1.871	27
1.872	41
1.873	34
1.874	21
1.875	33
1.876	42
1.877	28
1.878	26
1.879	56
1.88	46
1.881	24
1.882	40
1.883	38
1.884	26
1.885	30
1.886	30
1.887	31
1.888	31
1.889	31
1.89	37
1.891	28
1.892	33
1.893	20
1.894	30
1.895	26
1.896	25
1.897	27
1.898	27
1.899	34
1.9	28
1.901	39
1.902	25
1.903	17
1.904	23
1.905	24
1.906	19
1.907	27
1.908	32
1.909	24
1.91	24
1.911	32
1.912	37
1.913	21
1.914	19
1.915	27
1.916	30
1.917	29
1.918	27
1.919	26
1.92	23
1.921	27
1.922	32
1.923	46
1.924	30
1.925	27
1.926	25
1.927	15
1.928	24
1.929	29
1.93	26
1.931	18
1.932	31
1.933	23
1.934	35
1.935	45
1.936	25
1.937	21
1.938	24
1.939	23
1.94	24
1.941	32
1.942	28
1.943	26
1.944	30
1.945	27
1.946	30
1.947	34
1.948	31
1.949	21
1.95	28
1.951	25
1.952	29
1.953	34
1.954	32
1.955	32
1.956	32
1.957	26
1.958	33
1.959	18
1.96	33
1.961	28
1.962	26
1.963	37
1.964	37
1.965	48
1.966	29
1.967	30
1.968	26
1.969	24
1.97	21
1.971	26
1.972	29
1.973	35
1.974	18
1.975	20
1.976	26
1.977	26
1.978	17
1.979	22
1.98	29
1.981	18
1.982	23
1.983	25
1.984	31
1.985	29
1.986	25
1.987	16
1.988	22
1.989	18
1.99	23
1.991	16
1.992	16
1.993	14
1.994	23
1.995	21
1.996	26
1.997	28
1.998	31
1.999	27
2	20
2.001	22
2.002	20
2.003	25
2.004	26
2.005	23
2.006	19
2.007	26
2.008	28
2.009	27
2.01	19
2.011	25
2.012	34
2.013	21
2.014	16
2.015	13
2.016	20
2.017	23
2.018	26
2.019	20
2.02	15
2.021	19
2.022	20
2.023	23
2.024	24
2.025	30
2.026	25
2.027	24
2.028	32
2.029	19
2.03	21
2.031	9
2.032	29
2.033	18
2.034	24
2.035	29
2.036	25
2.037	23
2.038	22
2.039	26
2.04	27
2.041	23
2.042	26
2.043	16
2.044	19
2.045	32
2.046	26
2.047	46
2.048	36
2.049	36
2.05	31
2.051	16
2.052	31
2.053	25
2.054	22
2.055	24
2.056	22
2.057	23
2.058	31
2.059	28
2.06	27
2.061	19
2.062	28
2.063	30
2.064	27
2.065	30
2.066	27
2.067	26
2.068	28
2.069	26
2.07	25
2.071	12
2.072	32
2.073	27
2.074	27
2.075	19
2.076	25
2.077	21
2.078	27
2.079	32
2.08	29
2.081	19
2.082	29
2.083	26
2.084	23
2.085	21
2.086	30
2.087	30
2.088	23
2.089	29
2.09	34
2.091	28
2.092	30
2.093	22
2.094	21
2.095	26
2.096	18
2.097	30
2.098	21
2.099	25
2.1	31
2.101	30
2.102	30
2.103	27
2.104	37
2.105	22
2.106	19
2.107	25
2.108	28
2.109	29
2.11	21
2.111	26
2.112	24
2.113	25
2.114	22
2.115	33
2.116	34
2.117	26
2.118	32
2.119	30
2.12	26
2.121	24
2.122	21
2.123	28
2.124	33
2.125	28
2.126	31
2.127	47
2.128	32
2.129	30
2.13	20
2.131	30
2.132	21
2.133	27
2.134	29
2.135	34
2.136	33
2.137	29
2.138	35
2.139	41
2.14	26
2.141	34
2.142	28
2.143	37
2.144	46
2.145	43
2.146	29
2.147	37
2.148	27
2.149	34
2.15	45
2.151	40
2.152	43
2.153	34
2.154	25
2.155	32
2.156	32
2.157	29
2.158	25
2.159	28
2.16	34
2.161	37
2.162	33
2.163	39
2.164	21
2.165	39
2.166	35
2.167	31
2.168	34
2.169	38
2.17	29
2.171	33
2.172	36
2.173	34
2.174	26
2.175	36
2.176	32
2.177	30
2.178	18
2.179	33
2.18	39
2.181	26
2.182	47
2.183	42
2.184	24
2.185	31
2.186	26
2.187	33
2.188	23
2.189	36
2.19	32
2.191	38
2.192	45
2.193	52
2.194	39
2.195	36
2.196	37
2.197	33
2.198	37
2.199	48
2.2	38
2.201	52
2.202	42
2.203	45
2.204	41
2.205	58
2.206	44
2.207	58
2.208	38
2.209	31
2.21	42
2.211	40
2.212	43
2.213	32
2.214	33
2.215	31
2.216	38
2.217	30
2.218	33
2.219	28
2.22	35
2.221	40
2.222	34
2.223	31
2.224	28
2.225	33
2.226	25
2.227	27
2.228	38
2.229	38
2.23	29
2.231	34
2.232	34
2.233	26
2.234	35
2.235	30
2.236	30
2.237	26
2.238	29
2.239	29
2.24	35
2.241	40
2.242	33
2.243	31
2.244	38
2.245	39
2.246	30
2.247	21
2.248	29
2.249	27
2.25	35
2.251	30
2.252	41
2.253	17
2.254	23
2.255	31
2.256	40
2.257	35
2.258	24
2.259	34
2.26	26
2.261	40
2.262	53
2.263	45
2.264	31
2.265	25
2.266	28
2.267	37
2.268	35
2.269	33
2.27	33
2.271	34
2.272	34
2.273	44
2.274	30
2.275	35
2.276	38
2.277	33
2.278	36
2.279	39
2.28	40
2.281	40
2.282	33
2.283	30
2.284	33
2.285	22
2.286	30
2.287	25
2.288	25
2.289	27
2.29	26
2.291	24
2.292	29
2.293	29
2.294	24
2.295	30
2.296	32
2.297	29
2.298	20
2.299	25
2.3	25
2.301	29
2.302	24
2.303	25
2.304	24
2.305	28
2.306	25
2.307	23
2.308	35
2.309	27
2.31	25
2.311	28
2.312	20
2.313	28
2.314	23
2.315	27
2.316	35
2.317	19
2.318	36
2.319	27
2.32	42
2.321	22
2.322	16
2.323	30
2.324	22
2.325	25
2.326	28
2.327	19
2.328	27
2.329	26
2.33	35
2.331	38
2.332	31
2.333	27
2.334	27
2.335	22
2.336	32
2.337	27
2.338	26
2.339	25
2.34	20
2.341	29
2.342	33
2.343	36
2.344	40
2.345	39
2.346	27
2.347	28
2.348	27
2.349	21
2.35	36
2.351	36
2.352	32
2.353	35
2.354	40
2.355	48
2.356	45
2.357	30
2.358	30
2.359	26
2.36	27
2.361	32
2.362	23
2.363	30
2.364	32
2.365	31
2.366	22
2.367	41
2.368	32
2.369	28
2.37	25
2.371	29
2.372	25
2.373	35
2.374	23
2.375	21
2.376	36
2.377	27
2.378	33
2.379	25
2.38	30
2.381	28
2.382	28
2.383	17
2.384	29
2.385	21
2.386	30
2.387	32
2.388	33
2.389	28
2.39	44
2.391	32
2.392	34
2.393	28
2.394	24
2.395	25
2.396	21
2.397	27
2.398	26
2.399	37
2.4	30
2.401	38
2.402	36
2.403	37
2.404	27
2.405	27
2.406	26
2.407	34
2.408	35
2.409	27
2.41	37
2.411	30
2.412	25
2.413	36
2.414	42
2.415	31
2.416	31
2.417	39
2.418	29
2.419	32
2.42	42
2.421	33
2.422	30
2.423	45
2.424	33
2.425	43
2.426	54
2.427	61
2.428	32
2.429	31
2.43	30
2.431	39
2.432	46
2.433	26
2.434	36
2.435	40
2.436	43
2.437	34
2.438	39
2.439	45
2.44	40
2.441	48
2.442	39
2.443	55
2.444	39
2.445	39
2.446	31
2.447	43
2.448	30
2.449	38
2.45	30
2.451	46
2.452	31
2.453	47
2.454	49
2.455	45
2.456	48
2.457	38
2.458	27
2.459	48
2.46	43
2.461	34
2.462	41
2.463	41
2.464	45
2.465	32
2.466	35
2.467	36
2.468	30
2.469	19
2.47	29
2.471	33
2.472	31
2.473	59
2.474	47
2.475	34
2.476	31
2.477	43
2.478	28
2.479	32
2.48	37
2.481	36
2.482	42
2.483	44
2.484	48
2.485	24
2.486	42
2.487	38
2.488	39
2.489	39
2.49	29
2.491	48
2.492	55
2.493	49
2.494	54
2.495	38
2.496	50
2.497	52
2.498	42
2.499	42
2.5	40
2.501	41
2.502	35
2.503	37
2.504	40
2.505	42
2.506	29
2.507	46
2.508	41
2.509	43
2.51	33
2.511	25
2.512	34
2.513	50
2.514	39
2.515	41
2.516	34
2.517	36
2.518	32
2.519	43
2.52	27
2.521	39
2.522	36
2.523	31
2.524	34
2.525	35
2.526	50
2.527	53
2.528	41
2.529	38
2.53	46
2.531	28
2.532	36
2.533	27
2.534	39
2.535	44
2.536	48
2.537	29
2.538	37
2.539	37
2.54	30
2.541	36
2.542	31
2.543	55
2.544	41
2.545	45
2.546	33
2.547	48
2.548	29
2.549	49
2.55	28
2.551	32
2.552	41
2.553	39
2.554	44
2.555	39
2.556	44
2.557	37
2.558	27
2.559	37
2.56	31
2.561	42
2.562	44
2.563	41
2.564	48
2.565	42
2.566	38
2.567	39
2.568	28
2.569	37
2.57	24
2.571	28
2.572	30
2.573	42
2.574	27
2.575	38
2.576	32
2.577	28
2.578	30
2.579	31
2.58	40
2.581	30
2.582	37
2.583	36
2.584	26
2.585	26
2.586	27
2.587	23
2.588	33
2.589	28
2.59	40
2.591	34
2.592	38
2.593	26
2.594	38
2.595	37
2.596	29
2.597	29
2.598	26
2.599	29
2.6	35
2.601	36
2.602	51
2.603	22
2.604	36
2.605	38
2.606	28
2.607	22
2.608	20
2.609	21
2.61	40
2.611	37
2.612	48
2.613	37
2.614	37
2.615	30
2.616	44
2.617	21
2.618	32
2.619	23
2.62	28
2.621	43
2.622	38
2.623	34
2.624	41
2.625	31
2.626	25
2.627	30
2.628	33
2.629	36
2.63	52
2.631	42
2.632	31
2.633	30
2.634	27
2.635	36
2.636	34
2.637	19
2.638	24
2.639	30
2.64	31
2.641	39
2.642	28
2.643	27
2.644	23
2.645	22
2.646	30
2.647	29
2.648	40
2.649	21
2.65	25
2.651	24
2.652	28
2.653	31
2.654	36
2.655	27
2.656	35
2.657	28
2.658	24
2.659	30
2.66	26
2.661	39
2.662	33
2.663	32
2.664	37
2.665	32
2.666	24
2.667	27
2.668	23
2.669	25
2.67	24
2.671	18
2.672	28
2.673	25
2.674	36
2.675	39
2.676	36
2.677	29
2.678	34
2.679	36
2.68	40
2.681	24
2.682	26
2.683	30
2.684	36
2.685	39
2.686	36
2.687	28
2.688	30
2.689	27
2.69	39
2.691	36
2.692	38
2.693	26
2.694	38
2.695	60
2.696	47
2.697	47
2.698	32
2.699	22
2.7	16
2.701	23
2.702	35
2.703	31
2.704	28
2.705	34
2.706	36
2.707	26
2.708	34
2.709	33
2.71	30
2.711	25
2.712	41
2.713	33
2.714	26
2.715	35
2.716	32
2.717	22
2.718	22
2.719	21
2.72	39
2.721	43
2.722	27
2.723	37
2.724	25
2.725	41
2.726	38
2.727	26
2.728	28
2.729	21
2.73	29
2.731	32
2.732	25
2.733	32
2.734	29
2.735	37
2.736	36
2.737	31
2.738	25
2.739	35
2.74	34
2.741	26
2.742	40
2.743	36
2.744	30
2.745	40
2.746	34
2.747	30
2.748	30
2.749	32
2.75	35
2.751	36
2.752	40
2.753	38
2.754	43
2.755	42
2.756	43
2.757	31
2.758	50
2.759	43
2.76	41
2.761	33
2.762	22
2.763	36
2.764	40
2.765	47
2.766	39
2.767	34
2.768	31
2.769	40
2.77	44
2.771	31
2.772	37
2.773	35
2.774	26
2.775	37
2.776	41
2.777	40
2.778	38
2.779	35
2.78	48
2.781	33
2.782	22
2.783	34
2.784	31
2.785	36
2.786	39
2.787	34
2.788	55
2.789	41
2.79	26
2.791	36
2.792	27
2.793	33
2.794	29
2.795	35
2.796	36
2.797	35
2.798	38
2.799	32
2.8	31
2.801	37
2.802	47
2.803	36
2.804	33
2.805	52
2.806	44
2.807	51
2.808	31
2.809	38
2.81	38
2.811	33
2.812	31
2.813	41
2.814	54
2.815	44
2.816	46
2.817	42
2.818	54
2.819	49
2.82	59
2.821	42
2.822	43
2.823	42
2.824	40
2.825	42
2.826	44
2.827	55
2.828	40
2.829	46
2.83	41
2.831	45
2.832	27
2.833	50
2.834	49
2.835	47
2.836	37
2.837	58
2.838	48
2.839	36
2.84	28
2.841	39
2.842	30
2.843	44
2.844	40
2.845	46
2.846	47
2.847	35
2.848	45
2.849	43
2.85	38
2.851	35
2.852	45
2.853	42
2.854	35
2.855	35
2.856	44
2.857	29
2.858	43
2.859	37
2.86	52
2.861	45
2.862	37
2.863	55
2.864	38
2.865	38
2.866	38
2.867	44
2.868	46
2.869	44
2.87	45
2.871	43
2.872	42
2.873	40
2.874	45
2.875	43
2.876	37
2.877	43
2.878	52
2.879	68
2.88	49
2.881	59
2.882	37
2.883	45
2.884	47
2.885	30
2.886	35
2.887	46
2.888	48
2.889	57
2.89	40
2.891	40
2.892	42
2.893	31
2.894	33
2.895	36
2.896	25
2.897	33
2.898	47
2.899	41
2.9	36
2.901	34
2.902	38
2.903	38
2.904	27
2.905	35
2.906	37
2.907	38
2.908	48
2.909	41
2.91	37
2.911	29
2.912	32
2.913	30
2.914	35
2.915	31
2.916	49
2.917	31
2.918	38
2.919	34
2.92	29
2.921	33
2.922	27
2.923	38
2.924	38
2.925	41
2.926	40
2.927	34
2.928	43
2.929	40
2.93	43
2.931	25
2.932	30
2.933	31
2.934	46
2.935	33
2.936	43
2.937	45
2.938	37
2.939	43
2.94	68
2.941	39
2.942	31
2.943	29
2.944	27
2.945	30
2.946	41
2.947	29
2.948	37
2.949	40
2.95	37
2.951	43
2.952	47
2.953	34
2.954	33
2.955	34
2.956	37
2.957	29
2.958	29
2.959	28
2.96	26
2.961	36
2.962	40
2.963	29
2.964	27
2.965	37
2.966	37
2.967	32
2.968	36
2.969	25
2.97	27
2.971	25
2.972	29
2.973	34
2.974	27
2.975	32
2.976	31
2.977	28
2.978	22
2.979	25
2.98	37
2.981	32
2.982	26
2.983	37
2.984	44
2.985	46
2.986	41
2.987	28
2.988	27
2.989	36
2.99	42
2.991	27
2.992	27
2.993	34
2.994	41
2.995	46
2.996	45
2.997	55
2.998	43
2.999	34
3	24
3.001	26
3.002	20
3.003	35
3.004	41
3.005	35
3.006	36
3.007	31
3.008	29
3.009	31
3.01	38
3.011	40
3.012	32
3.013	36
3.014	30
3.015	28
3.016	47
3.017	33
3.018	39
3.019	45
3.02	43
3.021	42
3.022	40
3.023	38
3.024	45
3.025	33
3.026	28
3.027	38
3.028	42
3.029	37
3.03	37
3.031	36
3.032	30
3.033	21
3.034	33
3.035	29
3.036	26
3.037	32
3.038	50
3.039	37
3.04	31
3.041	33
3.042	41
3.043	36
3.044	29
3.045	25
3.046	41
3.047	54
3.048	43
3.049	42
3.05	39
3.051	37
3.052	44
3.053	46
3.054	57
3.055	50
3.056	34
3.057	34
3.058	44
3.059	26
3.06	29
3.061	40
3.062	38
3.063	33
3.064	35
3.065	23
3.066	41
3.067	41
3.068	47
3.069	29
3.07	41
3.071	35
3.072	33
3.073	32
3.074	45
3.075	31
3.076	40
3.077	57
3.078	49
3.079	46
3.08	61
3.081	40
3.082	42
3.083	29
3.084	41
3.085	35
3.086	40
3.087	64
3.088	42
3.089	43
3.09	34
3.091	43
3.092	45
3.093	25
3.094	41
3.095	45
3.096	43
3.097	51
3.098	32
3.099	43
3.1	42
3.101	32
3.102	44
3.103	49
3.104	57
3.105	53
3.106	41
3.107	43
3.108	44
3.109	47
3.11	68
3.111	46
3.112	40
3.113	38
3.114	39
3.115	27
3.116	39
3.117	34
3.118	47
3.119	42
3.12	29
3.121	41
3.122	41
3.123	48
3.124	42
3.125	34
3.126	36
3.127	55
3.128	39
3.129	36
3.13	57
3.131	73
3.132	50
3.133	55
3.134	55
3.135	49
3.136	43
3.137	43
3.138	41
3.139	56
3.14	53
3.141	43
3.142	39
3.143	40
3.144	48
3.145	40
3.146	41
3.147	46
3.148	46
3.149	31
3.15	40
3.151	49
3.152	43
3.153	60
3.154	44
3.155	50
3.156	53
3.157	44
3.158	39
3.159	47
3.16	53
3.161	42
3.162	47
3.163	48
3.164	70
3.165	51
3.166	34
3.167	53
3.168	34
3.169	31
3.17	40
3.171	46
3.172	55
3.173	47
3.174	36
3.175	31
3.176	40
3.177	37
3.178	55
3.179	60
3.18	55
3.181	45
3.182	43
3.183	52
3.184	45
3.185	42
3.186	36
3.187	63
3.188	61
3.189	57
3.19	51
3.191	40
3.192	40
3.193	34
3.194	51
3.195	46
3.196	44
3.197	39
3.198	31
3.199	36
3.2	50
3.201	28
3.202	42
3.203	40
3.204	49
3.205	55
3.206	53
3.207	42
3.208	44
3.209	37
3.21	46
3.211	42
3.212	39
3.213	58
3.214	39
3.215	44
3.216	43
3.217	39
3.218	67
3.219	28
3.22	35
3.221	36
3.222	40
3.223	40
3.224	44
3.225	37
3.226	45
3.227	42
3.228	29
3.229	32
3.23	52
3.231	39
3.232	51
3.233	49
3.234	50
3.235	30
3.236	39
3.237	49
3.238	37
3.239	42
3.24	52
3.241	64
3.242	48
3.243	55
3.244	27
3.245	36
3.246	39
3.247	38
3.248	40
3.249	34
3.25	35
3.251	42
3.252	42
3.253	37
3.254	32
3.255	28
3.256	45
3.257	37
3.258	50
3.259	56
3.26	40
3.261	39
3.262	35
3.263	26
3.264	40
3.265	43
3.266	46
3.267	54
3.268	40
3.269	41
3.27	73
3.271	47
3.272	21
3.273	23
3.274	36
3.275	33
3.276	39
3.277	34
3.278	37
3.279	36
3.28	49
3.281	46
3.282	37
3.283	33
3.284	30
3.285	45
3.286	37
3.287	37
3.288	34
3.289	65
3.29	48
3.291	61
3.292	43
3.293	33
3.294	40
3.295	41
3.296	38
3.297	49
3.298	42
3.299	47
3.3	40
3.301	47
3.302	29
3.303	26
3.304	37
3.305	39
3.306	34
3.307	43
3.308	37
3.309	43
3.31	46
3.311	32
3.312	41
3.313	45
3.314	39
3.315	33
3.316	43
3.317	54
3.318	44
3.319	38
3.32	35
3.321	65
3.322	63
3.323	43
3.324	43
3.325	42
3.326	37
3.327	38
3.328	45
3.329	38
3.33	27
3.331	31
3.332	42
3.333	34
3.334	36
3.335	41
3.336	46
3.337	46
3.338	40
3.339	38
3.34	43
3.341	38
3.342	44
3.343	38
3.344	52
3.345	59
3.346	47
3.347	46
3.348	50
3.349	36
3.35	35
3.351	45
3.352	27
3.353	46
3.354	47
3.355	55
3.356	40
3.357	34
3.358	41
3.359	46
3.36	31
3.361	42
3.362	47
3.363	53
3.364	39
3.365	38
3.366	53
3.367	45
3.368	44
3.369	38
3.37	51
3.371	53
3.372	90
3.373	41
3.374	44
3.375	49
3.376	45
3.377	36
3.378	35
3.379	55
3.38	46
3.381	37
3.382	44
3.383	35
3.384	42
3.385	49
3.386	42
3.387	39
3.388	40
3.389	49
3.39	45
3.391	38
3.392	66
3.393	54
3.394	57
3.395	31
3.396	36
3.397	37
3.398	49
3.399	59
3.4	56
3.401	50
3.402	37
3.403	53
3.404	31
3.405	39
3.406	43
3.407	45
3.408	59
3.409	44
3.41	41
3.411	60
3.412	53
3.413	53
3.414	47
3.415	62
3.416	47
3.417	44
3.418	59
3.419	47
3.42	64
3.421	87
3.422	55
3.423	52
3.424	45
3.425	40
3.426	40
3.427	43
3.428	63
3.429	46
3.43	50
3.431	52
3.432	54
3.433	41
3.434	45
3.435	56
3.436	46
3.437	53
3.438	47
3.439	57
3.44	50
3.441	52
3.442	50
3.443	62
3.444	51
3.445	47
3.446	43
3.447	49
3.448	67
3.449	51
3.45	44
3.451	39
3.452	51
3.453	45
3.454	59
3.455	50
3.456	55
3.457	54
3.458	58
3.459	48
3.46	51
3.461	54
3.462	57
3.463	43
3.464	58
3.465	52
3.466	68
3.467	54
3.468	62
3.469	48
3.47	79
3.471	59
3.472	67
3.473	59
3.474	51
3.475	66
3.476	46
3.477	53
3.478	53
3.479	51
3.48	43
3.481	50
3.482	54
3.483	52
3.484	46
3.485	45
3.486	40
3.487	44
3.488	59
3.489	60
3.49	64
3.491	62
3.492	36
3.493	46
3.494	44
3.495	47
3.496	62
3.497	63
3.498	52
3.499	51
3.5	40
3.501	47
3.502	35
3.503	49
3.504	57
3.505	51
3.506	56
3.507	43
3.508	55
3.509	53
3.51	48
3.511	47
3.512	49
3.513	53
3.514	58
3.515	53
3.516	57
3.517	72
3.518	81
3.519	50
3.52	44
3.521	51
3.522	47
3.523	52
3.524	46
3.525	48
3.526	42
3.527	50
3.528	52
3.529	57
3.53	34
3.531	45
3.532	36
3.533	39
3.534	49
3.535	59
3.536	64
3.537	46
3.538	43
3.539	45
3.54	34
3.541	49
3.542	48
3.543	54
3.544	48
3.545	34
3.546	42
3.547	44
3.548	40
3.549	39
3.55	55
3.551	52
3.552	35
3.553	42
3.554	36
3.555	61
3.556	44
3.557	49
3.558	56
3.559	59
3.56	41
3.561	41
3.562	48
3.563	52
3.564	63
3.565	77
3.566	45
3.567	61
3.568	46
3.569	36
3.57	33
3.571	51
3.572	41
3.573	38
3.574	47
3.575	56
3.576	55
3.577	37
3.578	29
3.579	42
3.58	53
3.581	38
3.582	48
3.583	59
3.584	56
3.585	46
3.586	41
3.587	50
3.588	38
3.589	32
3.59	56
3.591	47
3.592	35
3.593	42
3.594	38
3.595	45
3.596	35
3.597	43
3.598	40
3.599	53
3.6	49
3.601	52
3.602	45
3.603	39
3.604	47
3.605	44
3.606	41
3.607	52
3.608	58
3.609	49
3.61	53
3.611	85
3.612	49
3.613	45
3.614	40
3.615	47
3.616	41
3.617	51
3.618	45
3.619	49
3.62	36
3.621	43
3.622	43
3.623	41
3.624	43
3.625	52
3.626	36
3.627	50
3.628	34
3.629	55
3.63	53
3.631	38
3.632	51
3.633	42
3.634	41
3.635	43
3.636	39
3.637	45
3.638	38
3.639	43
3.64	44
3.641	42
3.642	35
3.643	42
3.644	45
3.645	51
3.646	45
3.647	52
3.648	50
3.649	37
3.65	42
3.651	45
3.652	44
3.653	56
3.654	63
3.655	55
3.656	88
3.657	44
3.658	46
3.659	38
3.66	46
3.661	43
3.662	51
3.663	54
3.664	45
3.665	49
3.666	56
3.667	44
3.668	32
3.669	36
3.67	54
3.671	37
3.672	50
3.673	42
3.674	52
3.675	60
3.676	45
3.677	33
3.678	44
3.679	44
3.68	37
3.681	46
3.682	40
3.683	45
3.684	38
3.685	49
3.686	35
3.687	55
3.688	43
3.689	34
3.69	55
3.691	46
3.692	50
3.693	56
3.694	44
3.695	51
3.696	58
3.697	47
3.698	63
3.699	49
3.7	80
3.701	69
3.702	50
3.703	48
3.704	50
3.705	51
3.706	54
3.707	56
3.708	40
3.709	37
3.71	41
3.711	40
3.712	62
3.713	55
3.714	52
3.715	52
3.716	40
3.717	52
3.718	54
3.719	62
3.72	42
3.721	51
3.722	45
3.723	47
3.724	59
3.725	42
3.726	52
3.727	34
3.728	33
3.729	59
3.73	52
3.731	48
3.732	53
3.733	44
3.734	50
3.735	46
3.736	65
3.737	63
3.738	53
3.739	58
3.74	59
3.741	59
3.742	54
3.743	76
3.744	96
3.745	48
3.746	56
3.747	51
3.748	52
3.749	65
3.75	67
3.751	58
3.752	48
3.753	60
3.754	52
3.755	62
3.756	64
3.757	59
3.758	60
3.759	53
3.76	47
3.761	63
3.762	61
3.763	63
3.764	47
3.765	55
3.766	52
3.767	51
3.768	42
3.769	46
3.77	63
3.771	57
3.772	48
3.773	61
3.774	53
3.775	64
3.776	46
3.777	58
3.778	70
3.779	69
3.78	58
3.781	62
3.782	75
3.783	59
3.784	61
3.785	56
3.786	68
3.787	97
3.788	77
3.789	68
3.79	63
3.791	55
3.792	62
3.793	56
3.794	51
3.795	57
3.796	71
3.797	67
3.798	49
3.799	49
3.8	64
3.801	42
3.802	65
3.803	54
3.804	49
3.805	64
3.806	61
3.807	45
3.808	51
3.809	51
3.81	54
3.811	40
3.812	61
3.813	48
3.814	57
3.815	55
3.816	46
3.817	52
3.818	49
3.819	58
3.82	59
3.821	64
3.822	64
3.823	68
3.824	49
3.825	53
3.826	69
3.827	73
3.828	54
3.829	70
3.83	93
3.831	48
3.832	67
3.833	52
3.834	64
3.835	57
3.836	43
3.837	56
3.838	44
3.839	59
3.84	49
3.841	44
3.842	44
3.843	56
3.844	69
3.845	62
3.846	51
3.847	56
3.848	50
3.849	51
3.85	64
3.851	46
3.852	52
3.853	46
3.854	45
3.855	43
3.856	58
3.857	51
3.858	46
3.859	51
3.86	46
3.861	51
3.862	48
3.863	59
3.864	57
3.865	58
3.866	51
3.867	62
3.868	54
3.869	71
3.87	56
3.871	85
3.872	73
3.873	53
3.874	49
3.875	62
3.876	48
3.877	48
3.878	47
3.879	59
3.88	45
3.881	47
3.882	62
3.883	60
3.884	40
3.885	55
3.886	51
3.887	60
3.888	68
3.889	51
3.89	65
3.891	46
3.892	51
3.893	47
3.894	48
3.895	53
3.896	47
3.897	55
3.898	52
3.899	41
3.9	46
3.901	37
3.902	44
3.903	51
3.904	62
3.905	58
3.906	45
3.907	44
3.908	42
3.909	59
3.91	72
3.911	53
3.912	93
3.913	59
3.914	49
3.915	40
3.916	66
3.917	53
3.918	53
3.919	40
3.92	61
3.921	44
3.922	38
3.923	45
3.924	56
3.925	58
3.926	46
3.927	53
3.928	50
3.929	53
3.93	39
3.931	53
3.932	56
3.933	46
3.934	50
3.935	48
3.936	54
3.937	48
3.938	57
3.939	39
3.94	49
3.941	45
3.942	60
3.943	49
3.944	52
3.945	48
3.946	50
3.947	63
3.948	40
3.949	57
3.95	57
3.951	48
3.952	59
3.953	86
3.954	49
3.955	48
3.956	48
3.957	29
3.958	36
3.959	46
3.96	58
3.961	62
3.962	58
3.963	53
3.964	22
3.965	34
3.966	43
3.967	67
3.968	58
3.969	51
3.97	44
3.971	43
3.972	46
3.973	47
3.974	43
3.975	52
3.976	45
3.977	39
3.978	53
3.979	59
3.98	45
3.981	60
3.982	62
3.983	49
3.984	57
3.985	54
3.986	64
3.987	51
3.988	64
3.989	58
3.99	68
3.991	48
3.992	86
3.993	57
3.994	55
3.995	49
3.996	41
3.997	44
3.998	47
3.999	41
4	57
4.001	67
4.002	42
4.003	32
4.004	38
4.005	46
4.006	65
4.007	65
4.008	77
4.009	41
4.01	38
4.011	37
4.012	55
4.013	49
4.014	50
4.015	55
4.016	53
4.017	50
4.018	53
4.019	47
4.02	53
4.021	66
4.022	48
4.023	66
4.024	77
4.025	75
4.026	65
4.027	53
4.028	51
4.029	75
4.03	75
4.031	102
4.032	78
4.033	40
4.034	55
4.035	55
4.036	63
4.037	49
4.038	57
4.039	49
4.04	55
4.041	68
4.042	64
4.043	48
4.044	61
4.045	51
4.046	60
4.047	72
4.048	72
4.049	64
4.05	49
4.051	48
4.052	54
4.053	55
4.054	67
4.055	60
4.056	65
4.057	51
4.058	48
4.059	78
4.06	64
4.061	64
4.062	81
4.063	63
4.064	75
4.065	72
4.066	91
4.067	64
4.068	71
4.069	79
4.07	103
4.071	72
4.072	74
4.073	59
4.074	67
4.075	67
4.076	58
4.077	73
4.078	65
4.079	76
4.08	43
4.081	53
4.082	74
4.083	50
4.084	79
4.085	77
4.086	65
4.087	40
4.088	47
4.089	70
4.09	76
4.091	68
4.092	69
4.093	60
4.094	68
4.095	77
4.096	67
4.097	83
4.098	60
4.099	69
4.1	49
4.101	65
4.102	89
4.103	62
4.104	57
4.105	78
4.106	77
4.107	82
4.108	105
4.109	67
4.11	50
4.111	65
4.112	48
4.113	64
4.114	80
4.115	59
4.116	62
4.117	71
4.118	74
4.119	72
4.12	71
4.121	79
4.122	71
4.123	69
4.124	75
4.125	52
4.126	73
4.127	53
4.128	62
4.129	65
4.13	62
4.131	47
4.132	55
4.133	68
4.134	64
4.135	68
4.136	54
4.137	46
4.138	66
4.139	71
4.14	63
4.141	58
4.142	71
4.143	77
4.144	77
4.145	115
4.146	73
4.147	61
4.148	78
4.149	73
4.15	66
4.151	70
4.152	61
4.153	68
4.154	77
4.155	57
4.156	62
4.157	57
4.158	67
4.159	75
4.16	65
4.161	58
4.162	58
4.163	72
4.164	60
4.165	59
4.166	48
4.167	43
4.168	84
4.169	76
4.17	51
4.171	44
4.172	64
4.173	54
4.174	70
4.175	57
4.176	59
4.177	71
4.178	70
4.179	68
4.18	77
4.181	68
4.182	118
4.183	63
4.184	60
4.185	58
4.186	62
4.187	86
4.188	77
4.189	80
4.19	63
4.191	56
4.192	59
4.193	72
4.194	55
4.195	77
4.196	71
4.197	60
4.198	52
4.199	50
4.2	62
4.201	61
4.202	54
4.203	68
4.204	50
4.205	52
4.206	62
4.207	67
4.208	52
4.209	43
4.21	60
4.211	62
4.212	63
4.213	61
4.214	53
4.215	74
4.216	62
4.217	80
4.218	109
4.219	58
4.22	57
4.221	56
4.222	68
4.223	65
4.224	74
4.225	53
4.226	80
4.227	45
4.228	50
4.229	61
4.23	64
4.231	55
4.232	75
4.233	51
4.234	51
4.235	56
4.236	61
4.237	40
4.238	61
4.239	59
4.24	55
4.241	59
4.242	49
4.243	55
4.244	46
4.245	47
4.246	48
4.247	61
4.248	71
4.249	54
4.25	50
4.251	57
4.252	68
4.253	75
4.254	107
4.255	48
4.256	59
4.257	61
4.258	61
4.259	56
4.26	71
4.261	52
4.262	54
4.263	53
4.264	60
4.265	66
4.266	78
4.267	67
4.268	41
4.269	52
4.27	43
4.271	47
4.272	62
4.273	54
4.274	41
4.275	56
4.276	70
4.277	40
4.278	47
4.279	44
4.28	37
4.281	60
4.282	70
4.283	81
4.284	71
4.285	55
4.286	42
4.287	58
4.288	82
4.289	114
4.29	55
4.291	50
4.292	63
4.293	57
4.294	50
4.295	63
4.296	52
4.297	43
4.298	64
4.299	64
4.3	59
4.301	56
4.302	71
4.303	47
4.304	44
4.305	76
4.306	61
4.307	39
4.308	65
4.309	63
4.31	44
4.311	56
4.312	49
4.313	40
4.314	66
4.315	55
4.316	60
4.317	64
4.318	58
4.319	74
4.32	45
4.321	68
4.322	88
4.323	103
4.324	90
4.325	53
4.326	46
4.327	65
4.328	75
4.329	64
4.33	52
4.331	58
4.332	45
4.333	59
4.334	68
4.335	64
4.336	73
4.337	52
4.338	61
4.339	51
4.34	51
4.341	63
4.342	65
4.343	61
4.344	70
4.345	67
4.346	70
4.347	62
4.348	65
4.349	49
4.35	73
4.351	65
4.352	69
4.353	64
4.354	58
4.355	71
4.356	76
4.357	90
4.358	103
4.359	64
4.36	70
4.361	64
4.362	76
4.363	68
4.364	57
4.365	82
4.366	69
4.367	54
4.368	64
4.369	70
4.37	88
4.371	78
4.372	61
4.373	67
4.374	64
4.375	74
4.376	72
4.377	77
4.378	59
4.379	61
4.38	69
4.381	69
4.382	66
4.383	50
4.384	59
4.385	74
4.386	67
4.387	70
4.388	67
4.389	72
4.39	87
4.391	121
4.392	74
4.393	62
4.394	75
4.395	70
4.396	68
4.397	59
4.398	63
4.399	78
4.4	66
4.401	63
4.402	75
4.403	92
4.404	83
4.405	65
4.406	58
4.407	78
4.408	91
4.409	80
4.41	63
4.411	77
4.412	74
4.413	58
4.414	71
4.415	60
4.416	85
4.417	52
4.418	76
4.419	68
4.42	71
4.421	73
4.422	82
4.423	83
4.424	120
4.425	89
4.426	74
4.427	74
4.428	67
4.429	66
4.43	73
4.431	83
4.432	68
4.433	66
4.434	85
4.435	85
4.436	76
4.437	65
4.438	78
4.439	71
4.44	81
4.441	68
4.442	66
4.443	71
4.444	74
4.445	84
4.446	71
4.447	80
4.448	64
4.449	72
4.45	76
4.451	83
4.452	71
4.453	89
4.454	58
4.455	81
4.456	95
4.457	120
4.458	73
4.459	62
4.46	78
4.461	90
4.462	63
4.463	72
4.464	75
4.465	59
4.466	52
4.467	82
4.468	80
4.469	87
4.47	53
4.471	62
4.472	83
4.473	74
4.474	77
4.475	62
4.476	93
4.477	72
4.478	68
4.479	68
4.48	75
4.481	83
4.482	69
4.483	49
4.484	69
4.485	90
4.486	86
4.487	52
4.488	87
4.489	141
4.49	85
4.491	46
4.492	72
4.493	75
4.494	66
4.495	51
4.496	60
4.497	83
4.498	71
4.499	53
4.5	82
4.501	86
4.502	77
4.503	74
4.504	59
4.505	71
4.506	69
4.507	69
4.508	66
4.509	55
4.51	70
4.511	72
4.512	67
4.513	56
4.514	70
4.515	67
4.516	96
4.517	73
4.518	60
4.519	92
4.52	85
4.521	118
4.522	59
4.523	63
4.524	63
4.525	58
4.526	53
4.527	58
4.528	61
4.529	56
4.53	71
4.531	77
4.532	70
4.533	44
4.534	51
4.535	54
4.536	57
4.537	61
4.538	63
4.539	45
4.54	57
4.541	58
4.542	50
4.543	67
4.544	72
4.545	70
4.546	66
4.547	59
4.548	94
4.549	77
4.55	94
4.551	82
4.552	122
4.553	64
4.554	68
4.555	72
4.556	65
4.557	59
4.558	51
4.559	74
4.56	61
4.561	50
4.562	60
4.563	71
4.564	69
4.565	66
4.566	35
4.567	46
4.568	55
4.569	48
4.57	65
4.571	47
4.572	48
4.573	49
4.574	53
4.575	51
4.576	58
4.577	59
4.578	82
4.579	67
4.58	81
4.581	65
4.582	114
4.583	126
4.584	73
4.585	79
4.586	68
4.587	70
4.588	70
4.589	72
4.59	67
4.591	61
4.592	67
4.593	76
4.594	76
4.595	53
4.596	53
4.597	64
4.598	66
4.599	66
4.6	43
4.601	49
4.602	72
4.603	47
4.604	55
4.605	48
4.606	53
4.607	52
4.608	71
4.609	56
4.61	75
4.611	62
4.612	70
4.613	121
4.614	81
4.615	67
4.616	74
4.617	81
4.618	63
4.619	75
4.62	88
4.621	67
4.622	85
4.623	83
4.624	82
4.625	60
4.626	70
4.627	68
4.628	59
4.629	54
4.63	77
4.631	75
4.632	60
4.633	69
4.634	53
4.635	70
4.636	55
4.637	54
4.638	58
4.639	52
4.64	52
4.641	45
4.642	56
4.643	47
4.644	72
4.645	47
4.646	61
4.647	72
4.648	64
4.649	55
4.65	73
4.651	64
4.652	63
4.653	65
4.654	76
4.655	78
4.656	59
4.657	83
4.658	79
4.659	78
4.66	88
4.661	89
4.662	86
4.663	80
4.664	67
4.665	68
4.666	60
4.667	54
4.668	64
4.669	51
4.67	68
4.671	59
4.672	49
4.673	69
4.674	58
4.675	71
4.676	66
4.677	67
4.678	59
4.679	70
4.68	64
4.681	63
4.682	62
4.683	72
4.684	57
4.685	80
4.686	66
4.687	77
4.688	110
4.689	103
4.69	106
4.691	94
4.692	88
4.693	74
4.694	72
4.695	79
4.696	63
4.697	84
4.698	65
4.699	61
4.7	85
4.701	74
4.702	72
4.703	66
4.704	61
4.705	81
4.706	86
4.707	63
4.708	52
4.709	87
4.71	80
4.711	94
4.712	108
4.713	94
4.714	123
4.715	106
4.716	79
4.717	87
4.718	90
4.719	94
4.72	89
4.721	76
4.722	94
4.723	80
4.724	82
4.725	94
4.726	117
4.727	96
4.728	86
4.729	97
4.73	116
4.731	91
4.732	90
4.733	103
4.734	108
4.735	90
4.736	105
4.737	101
4.738	105
4.739	90
4.74	100
4.741	86
4.742	102
4.743	92
4.744	125
4.745	100
4.746	113
4.747	106
4.748	114
4.749	102
4.75	98
4.751	96
4.752	101
4.753	90
4.754	108
4.755	112
4.756	87
4.757	85
4.758	95
4.759	92
4.76	92
4.761	81
4.762	85
4.763	90
4.764	105
4.765	101
4.766	96
4.767	113
4.768	88
4.769	80
4.77	89
4.771	83
4.772	101
4.773	79
4.774	92
4.775	93
4.776	82
4.777	89
4.778	76
4.779	86
4.78	83
4.781	80
4.782	71
4.783	74
4.784	92
4.785	67
4.786	71
4.787	82
4.788	66
4.789	78
4.79	79
4.791	72
4.792	69
4.793	61
4.794	85
4.795	64
4.796	70
4.797	64
4.798	66
4.799	71
4.8	92
4.801	63
4.802	67
4.803	77
4.804	71
4.805	70
4.806	59
4.807	73
4.808	66
4.809	72
4.81	69
4.811	54
4.812	59
4.813	78
4.814	55
4.815	61
4.816	63
4.817	66
4.818	76
4.819	71
4.82	61
4.821	55
4.822	59
4.823	70
4.824	69
4.825	65
4.826	60
4.827	67
4.828	60
4.829	64
4.83	77
4.831	71
4.832	61
4.833	61
4.834	77
4.835	70
4.836	62
4.837	56
4.838	59
4.839	71
4.84	73
4.841	69
4.842	58
4.843	59
4.844	67
4.845	75
4.846	53
4.847	61
4.848	57
4.849	57
4.85	68
4.851	74
4.852	70
4.853	59
4.854	60
4.855	66
4.856	82
4.857	60
4.858	65
4.859	55
4.86	76
4.861	63
4.862	52
4.863	74
4.864	65
4.865	81
4.866	76
4.867	60
4.868	66
4.869	59
4.87	81
4.871	74
4.872	48
4.873	60
4.874	67
4.875	55
4.876	74
4.877	68
4.878	53
4.879	56
4.88	70
4.881	68
4.882	83
4.883	60
4.884	71
4.885	78
4.886	60
4.887	69
4.888	56
4.889	77
4.89	78
4.891	57
4.892	61
4.893	76
4.894	69
4.895	89
4.896	82
4.897	66
4.898	69
4.899	81
4.9	88
4.901	55
4.902	62
4.903	68
4.904	73
4.905	60
4.906	64
4.907	67
4.908	61
4.909	88
4.91	56
4.911	74
4.912	73
4.913	81
4.914	64
4.915	70
4.916	74
4.917	72
4.918	67
4.919	73
4.92	77
4.921	81
4.922	74
4.923	79
4.924	73
4.925	88
4.926	108
4.927	69
4.928	74
4.929	66
4.93	87
4.931	90
4.932	71
4.933	78
4.934	81
4.935	75
4.936	81
4.937	79
4.938	71
4.939	83
4.94	64
4.941	85
4.942	91
4.943	77
4.944	85
4.945	80
4.946	88
4.947	86
4.948	89
4.949	93
4.95	75
4.951	99
4.952	76
4.953	89
4.954	86
4.955	87
4.956	101
4.957	75
4.958	102
4.959	79
4.96	84
4.961	92
4.962	96
4.963	75
4.964	68
4.965	75
4.966	87
4.967	84
4.968	78
4.969	89
4.97	81
4.971	76
4.972	83
4.973	99
4.974	93
4.975	76
4.976	91
4.977	86
4.978	89
4.979	91
4.98	107
4.981	98
4.982	84
4.983	100
4.984	110
4.985	93
4.986	81
4.987	92
4.988	76
4.989	92
4.99	79
4.991	91
4.992	115
4.993	102
4.994	90
4.995	104
4.996	108
4.997	119
4.998	94
4.999	95
5	134
5.001	110
5.002	104
5.003	104
5.004	101
5.005	106
5.006	96
5.007	98
5.008	113
5.009	108
5.01	104
5.011	115
5.012	97
5.013	111
5.014	93
5.015	109
5.016	126
5.017	127
5.018	97
5.019	110
5.02	103
5.021	87
5.022	100
5.023	110
5.024	91
5.025	104
5.026	113
5.027	103
5.028	97
5.029	92
5.03	80
5.031	89
5.032	98
5.033	106
5.034	77
5.035	84
5.036	94
5.037	105
5.038	89
5.039	83
5.04	95
5.041	98
5.042	87
5.043	106
5.044	86
5.045	91
5.046	109
5.047	87
5.048	95
5.049	81
5.05	84
5.051	94
5.052	89
5.053	75
5.054	91
5.055	99
5.056	84
5.057	90
5.058	86
5.059	67
5.06	85
5.061	82
5.062	96
5.063	86
5.064	115
5.065	96
5.066	108
5.067	122
5.068	108
5.069	100
5.07	85
5.071	88
5.072	79
5.073	80
5.074	90
5.075	71
5.076	86
5.077	81
5.078	94
5.079	81
5.08	100
5.081	85
5.082	104
5.083	106
5.084	97
5.085	91
5.086	98
5.087	90
5.088	93
5.089	83
5.09	92
5.091	92
5.092	105
5.093	86
5.094	67
5.095	91
5.096	93
5.097	97
5.098	79
5.099	101
5.1	83
5.101	100
5.102	89
5.103	90
5.104	76
5.105	96
5.106	85
5.107	80
5.108	110
5.109	77
5.11	81
5.111	94
5.112	94
5.113	80
5.114	93
5.115	103
5.116	90
5.117	81
5.118	83
5.119	96
5.12	98
5.121	104
5.122	89
5.123	79
5.124	95
5.125	90
5.126	80
5.127	83
5.128	89
5.129	78
5.13	85
5.131	104
5.132	88
5.133	95
5.134	81
5.135	95
5.136	89
5.137	95
5.138	87
5.139	83
5.14	82
5.141	101
5.142	96
5.143	78
5.144	98
5.145	88
5.146	92
5.147	99
5.148	65
5.149	72
5.15	98
5.151	88
5.152	73
5.153	88
5.154	90
5.155	77
5.156	88
5.157	76
5.158	87
5.159	89
5.16	89
5.161	84
5.162	76
5.163	89
5.164	85
5.165	70
5.166	72
5.167	98
5.168	84
5.169	79
5.17	81
5.171	65
5.172	83
5.173	87
5.174	64
5.175	78
5.176	94
5.177	91
5.178	63
5.179	67
5.18	89
5.181	80
5.182	81
5.183	86
5.184	81
5.185	71
5.186	71
5.187	99
5.188	85
5.189	81
5.19	76
5.191	69
5.192	101
5.193	70
5.194	88
5.195	83
5.196	77
5.197	81
5.198	74
5.199	81
5.2	83
5.201	77
5.202	63
5.203	74
5.204	84
5.205	95
5.206	92
5.207	76
5.208	85
5.209	84
5.21	91
5.211	81
5.212	90
5.213	84
5.214	84
5.215	97
5.216	81
5.217	94
5.218	79
5.219	89
5.22	101
5.221	80
5.222	90
5.223	87
5.224	101
5.225	111
5.226	90
5.227	99
5.228	98
5.229	74
5.23	91
5.231	108
5.232	85
5.233	99
5.234	92
5.235	89
5.236	112
5.237	103
5.238	102
5.239	99
5.24	121
5.241	86
5.242	106
5.243	114
5.244	105
5.245	99
5.246	112
5.247	106
5.248	98
5.249	118
5.25	107
5.251	108
5.252	119
5.253	106
5.254	133
5.255	113
5.256	117
5.257	121
5.258	117
5.259	124
5.26	125
5.261	122
5.262	124
5.263	129
5.264	99
5.265	131
5.266	125
5.267	125
5.268	159
5.269	130
5.27	137
5.271	132
5.272	141
5.273	129
5.274	128
5.275	133
5.276	149
5.277	137
5.278	132
5.279	129
5.28	144
5.281	150
5.282	163
5.283	148
5.284	137
5.285	151
5.286	123
5.287	131
5.288	124
5.289	131
5.29	122
5.291	141
5.292	129
5.293	119
5.294	130
5.295	135
5.296	140
5.297	134
5.298	108
5.299	133
5.3	103
5.301	120
5.302	108
5.303	140
5.304	97
5.305	128
5.306	121
5.307	113
5.308	122
5.309	113
5.31	116
5.311	103
5.312	124
5.313	112
5.314	110
5.315	144
5.316	109
5.317	108
5.318	111
5.319	106
5.32	111
5.321	123
5.322	85
5.323	104
5.324	107
5.325	111
5.326	113
5.327	93
5.328	100
5.329	110
5.33	128
5.331	115
5.332	94
5.333	113
5.334	89
5.335	116
5.336	99
5.337	104
5.338	105
5.339	103
5.34	122
5.341	96
5.342	100
5.343	104
5.344	88
5.345	95
5.346	101
5.347	119
5.348	82
5.349	104
5.35	103
5.351	97
5.352	105
5.353	86
5.354	93
5.355	101
5.356	105
5.357	103
5.358	109
5.359	101
5.36	86
5.361	107
5.362	78
5.363	106
5.364	91
5.365	99
5.366	111
5.367	93
5.368	107
5.369	111
5.37	91
5.371	98
5.372	90
5.373	95
5.374	72
5.375	106
5.376	93
5.377	86
5.378	84
5.379	100
5.38	80
5.381	86
5.382	96
5.383	89
5.384	99
5.385	83
5.386	95
5.387	92
5.388	98
5.389	89
5.39	98
5.391	92
5.392	86
5.393	89
5.394	109
5.395	77
5.396	94
5.397	87
5.398	75
5.399	95
5.4	64
5.401	90
5.402	96
5.403	70
5.404	98
5.405	84
5.406	103
5.407	89
5.408	85
5.409	96
5.41	84
5.411	92
5.412	84
5.413	91
5.414	86
5.415	75
5.416	104
5.417	85
5.418	86
5.419	93
5.42	92
5.421	80
5.422	93
5.423	78
5.424	88
5.425	93
5.426	72
5.427	89
5.428	88
5.429	81
5.43	98
5.431	81
5.432	74
5.433	90
5.434	89
5.435	80
5.436	91
5.437	82
5.438	98
5.439	88
5.44	91
5.441	104
5.442	78
5.443	102
5.444	80
5.445	113
5.446	105
5.447	100
5.448	96
5.449	93
5.45	92
5.451	91
5.452	90
5.453	92
5.454	92
5.455	104
5.456	94
5.457	90
5.458	91
5.459	95
5.46	96
5.461	103
5.462	113
5.463	96
5.464	127
5.465	133
5.466	111
5.467	127
5.468	103
5.469	93
5.47	106
5.471	132
5.472	84
5.473	105
5.474	118
5.475	103
5.476	150
5.477	116
5.478	115
5.479	165
5.48	120
5.481	142
5.482	140
5.483	115
5.484	117
5.485	149
5.486	131
5.487	111
5.488	127
5.489	146
5.49	129
5.491	133
5.492	156
5.493	158
5.494	145
5.495	144
5.496	160
5.497	165
5.498	148
5.499	150
5.5	145
5.501	145
5.502	164
5.503	159
5.504	171
5.505	157
5.506	149
5.507	156
5.508	137
5.509	135
5.51	165
5.511	156
5.512	165
5.513	153
5.514	187
5.515	132
5.516	177
5.517	160
5.518	149
5.519	141
5.52	131
5.521	135
5.522	158
5.523	138
5.524	154
5.525	157
5.526	135
5.527	157
5.528	176
5.529	154
5.53	162
5.531	152
5.532	134
5.533	132
5.534	138
5.535	123
5.536	133
5.537	120
5.538	115
5.539	150
5.54	144
5.541	113
5.542	140
5.543	151
5.544	126
5.545	134
5.546	147
5.547	137
5.548	140
5.549	130
5.55	116
5.551	124
5.552	130
5.553	106
5.554	119
5.555	122
5.556	134
5.557	136
5.558	138
5.559	133
5.56	129
5.561	119
5.562	144
5.563	137
5.564	135
5.565	119
5.566	146
5.567	134
5.568	127
5.569	122
5.57	150
5.571	125
5.572	139
5.573	125
5.574	160
5.575	138
5.576	154
5.577	136
5.578	141
5.579	143
5.58	141
5.581	143
5.582	130
5.583	117
5.584	134
5.585	137
5.586	144
5.587	143
5.588	141
5.589	127
5.59	133
5.591	139
5.592	145
5.593	145
5.594	147
5.595	147
5.596	132
5.597	112
5.598	120
5.599	127
5.6	123
5.601	125
5.602	131
5.603	119
5.604	102
5.605	122
5.606	96
5.607	127
5.608	143
5.609	126
5.61	158
5.611	107
5.612	121
5.613	130
5.614	124
5.615	99
5.616	137
5.617	99
5.618	109
5.619	115
5.62	111
5.621	107
5.622	97
5.623	122
5.624	115
5.625	115
5.626	127
5.627	110
5.628	123
5.629	111
5.63	95
5.631	116
5.632	128
5.633	119
5.634	114
5.635	129
5.636	108
5.637	115
5.638	115
5.639	110
5.64	104
5.641	107
5.642	111
5.643	109
5.644	111
5.645	107
5.646	97
5.647	105
5.648	114
5.649	111
5.65	101
5.651	91
5.652	112
5.653	100
5.654	113
5.655	107
5.656	100
5.657	114
5.658	115
5.659	86
5.66	124
5.661	112
5.662	98
5.663	91
5.664	99
5.665	119
5.666	91
5.667	99
5.668	91
5.669	102
5.67	80
5.671	96
5.672	99
5.673	100
5.674	107
5.675	121
5.676	96
5.677	117
5.678	130
5.679	98
5.68	118
5.681	116
5.682	110
5.683	119
5.684	120
5.685	118
5.686	96
5.687	116
5.688	109
5.689	110
5.69	105
5.691	108
5.692	89
5.693	140
5.694	114
5.695	115
5.696	147
5.697	140
5.698	142
5.699	143
5.7	115
5.701	130
5.702	122
5.703	112
5.704	127
5.705	132
5.706	121
5.707	120
5.708	129
5.709	138
5.71	142
5.711	186
5.712	144
5.713	139
5.714	117
5.715	105
5.716	140
5.717	133
5.718	154
5.719	144
5.72	132
5.721	103
5.722	134
5.723	147
5.724	143
5.725	166
5.726	143
5.727	118
5.728	100
5.729	123
5.73	108
5.731	153
5.732	156
5.733	150
5.734	163
5.735	142
5.736	129
5.737	143
5.738	160
5.739	131
5.74	158
5.741	122
5.742	136
5.743	126
5.744	145
5.745	167
5.746	151
5.747	201
5.748	188
5.749	205
5.75	151
5.751	128
5.752	175
5.753	202
5.754	206
5.755	229
5.756	248
5.757	231
5.758	204
5.759	209
5.76	209
5.761	188
5.762	206
5.763	218
5.764	201
5.765	202
5.766	200
5.767	184
5.768	185
5.769	205
5.77	195
5.771	193
5.772	209
5.773	217
5.774	216
5.775	218
5.776	211
5.777	211
5.778	214
5.779	221
5.78	213
5.781	236
5.782	216
5.783	210
5.784	212
5.785	227
5.786	241
5.787	245
5.788	218
5.789	208
5.79	218
5.791	227
5.792	236
5.793	227
5.794	197
5.795	217
5.796	170
5.797	186
5.798	158
5.799	170
5.8	163
5.801	150
5.802	161
5.803	157
5.804	171
5.805	188
5.806	165
5.807	173
5.808	151
5.809	144
5.81	127
5.811	124
5.812	137
5.813	136
5.814	104
5.815	127
5.816	130
5.817	131
5.818	120
5.819	152
5.82	137
5.821	128
5.822	131
5.823	158
5.824	135
5.825	133
5.826	108
5.827	115
5.828	124
5.829	106
5.83	111
5.831	106
5.832	124
5.833	132
5.834	122
5.835	123
5.836	137
5.837	147
5.838	127
5.839	122
5.84	130
5.841	143
5.842	127
5.843	116
5.844	112
5.845	117
5.846	105
5.847	123
5.848	122
5.849	115
5.85	145
5.851	112
5.852	134
5.853	116
5.854	113
5.855	127
5.856	115
5.857	138
5.858	130
5.859	131
5.86	134
5.861	126
5.862	134
5.863	143
5.864	127
5.865	111
5.866	105
5.867	114
5.868	122
5.869	128
5.87	110
5.871	134
5.872	120
5.873	129
5.874	137
5.875	151
5.876	161
5.877	145
5.878	177
5.879	151
5.88	141
5.881	126
5.882	133
5.883	129
5.884	150
5.885	108
5.886	128
5.887	151
5.888	137
5.889	129
5.89	157
5.891	172
5.892	174
5.893	181
5.894	157
5.895	180
5.896	140
5.897	155
5.898	156
5.899	154
5.9	154
5.901	147
5.902	132
5.903	154
5.904	161
5.905	188
5.906	177
5.907	183
5.908	182
5.909	154
5.91	162
5.911	157
5.912	174
5.913	161
5.914	165
5.915	189
5.916	197
5.917	196
5.918	179
5.919	154
5.92	171
5.921	165
5.922	198
5.923	197
5.924	189
5.925	194
5.926	160
5.927	201
5.928	180
5.929	199
5.93	190
5.931	204
5.932	184
5.933	184
5.934	185
5.935	192
5.936	197
5.937	188
5.938	222
5.939	204
5.94	208
5.941	252
5.942	213
5.943	252
5.944	262
5.945	248
5.946	247
5.947	223
5.948	229
5.949	251
5.95	219
5.951	241
5.952	241
5.953	236
5.954	239
5.955	241
5.956	268
5.957	272
5.958	272
5.959	260
5.96	266
5.961	302
5.962	263
5.963	297
5.964	292
5.965	304
5.966	252
5.967	261
5.968	252
5.969	268
5.97	276
5.971	274
5.972	274
5.973	279
5.974	276
5.975	233
5.976	229
5.977	249
5.978	225
5.979	239
5.98	257
5.981	263
5.982	228
5.983	222
5.984	248
5.985	245
5.986	236
5.987	226
5.988	216
5.989	228
5.99	195
5.991	208
5.992	203
5.993	201
5.994	176
5.995	195
5.996	196
5.997	178
5.998	195
5.999	220
6	179
6.001	230
6.002	215
6.003	200
6.004	216
6.005	171
6.006	164
6.007	160
6.008	170
6.009	155
6.01	164
6.011	161
6.012	162
6.013	181
6.014	186
6.015	179
6.016	215
6.017	206
6.018	172
6.019	191
6.02	149
6.021	178
6.022	148
6.023	164
6.024	160
6.025	170
6.026	194
6.027	198
6.028	202
6.029	197
6.03	191
6.031	165
6.032	182
6.033	168
6.034	202
6.035	206
6.036	207
6.037	189
6.038	197
6.039	200
6.04	209
6.041	180
6.042	197
6.043	186
6.044	188
6.045	183
6.046	193
6.047	197
6.048	181
6.049	183
6.05	191
6.051	154
6.052	189
6.053	152
6.054	190
6.055	173
6.056	186
6.057	159
6.058	189
6.059	166
6.06	180
6.061	180
6.062	180
6.063	193
6.064	161
6.065	161
6.066	174
6.067	168
6.068	157
6.069	180
6.07	173
6.071	187
6.072	176
6.073	189
6.074	176
6.075	151
6.076	181
6.077	181
6.078	183
6.079	185
6.08	175
6.081	172
6.082	173
6.083	192
6.084	163
6.085	190
6.086	187
6.087	190
6.088	181
6.089	178
6.09	176
6.091	184
6.092	190
6.093	184
6.094	198
6.095	175
6.096	182
6.097	201
6.098	173
6.099	206
6.1	169
6.101	172
6.102	209
6.103	188
6.104	189
6.105	199
6.106	170
6.107	197
6.108	194
6.109	179
6.11	221
6.111	191
6.112	204
6.113	201
6.114	228
6.115	238
6.116	215
6.117	226
6.118	220
6.119	225
6.12	233
6.121	239
6.122	226
6.123	231
6.124	288
6.125	248
6.126	295
6.127	300
6.128	285
6.129	280
6.13	312
6.131	336
6.132	397
6.133	354
6.134	340
6.135	345
6.136	339
6.137	422
6.138	446
6.139	427
6.14	447
6.141	475
6.142	400
6.143	493
6.144	370
6.145	380
6.146	422
6.147	390
6.148	373
6.149	352
6.15	398
6.151	449
6.152	393
6.153	447
6.154	412
6.155	429
6.156	360
6.157	331
6.158	347
6.159	338
6.16	327
6.161	276
6.162	291
6.163	295
6.164	242
6.165	262
6.166	280
6.167	251
6.168	251
6.169	251
6.17	234
6.171	233
6.172	241
6.173	225
6.174	235
6.175	236
6.176	239
6.177	217
6.178	231
6.179	239
6.18	224
6.181	216
6.182	205
6.183	224
6.184	219
6.185	225
6.186	209
6.187	221
6.188	221
6.189	216
6.19	212
6.191	221
6.192	210
6.193	212
6.194	221
6.195	188
6.196	206
6.197	202
6.198	196
6.199	204
6.2	205
6.201	211
6.202	216
6.203	221
6.204	187
6.205	205
6.206	212
6.207	187
6.208	212
6.209	180
6.21	203
6.211	198
6.212	198
6.213	193
6.214	184
6.215	200
6.216	214
6.217	213
6.218	214
6.219	212
6.22	192
6.221	204
6.222	203
6.223	185
6.224	185
6.225	179
6.226	208
6.227	217
6.228	200
6.229	248
6.23	201
6.231	212
6.232	206
6.233	231
6.234	174
6.235	198
6.236	202
6.237	205
6.238	237
6.239	230
6.24	221
6.241	244
6.242	240
6.243	232
6.244	227
6.245	244
6.246	258
6.247	283
6.248	275
6.249	306
6.25	283
6.251	287
6.252	287
6.253	294
6.254	325
6.255	290
6.256	270
6.257	289
6.258	295
6.259	316
6.26	341
6.261	365
6.262	389
6.263	422
6.264	428
6.265	486
6.266	480
6.267	520
6.268	572
6.269	596
6.27	661
6.271	587
6.272	562
6.273	514
6.274	553
6.275	522
6.276	445
6.277	496
6.278	404
6.279	397
6.28	414
6.281	362
6.282	350
6.283	363
6.284	410
6.285	370
6.286	421
6.287	422
6.288	371
6.289	430
6.29	538
6.291	1146
6.292	5551
6.293	11691
6.294	13826
6.295	14770
6.296	19495
6.297	21650
6.298	20186
6.299	18283
6.3	15456
6.301	11598
6.302	9424
6.303	7932
6.304	7193
6.305	6430
6.306	5230
6.307	4638
6.308	4210
6.309	3758
6.31	3567
6.311	3340
6.312	3181
6.313	2994
6.314	2978
6.315	2866
6.316	2882
6.317	2815
6.318	2784
6.319	2747
6.32	2703
6.321	2660
6.322	2615
6.323	2565
6.324	2543
6.325	2476
6.326	2448
6.327	2442
6.328	2412
6.329	2456
6.33	2447
6.331	2338
6.332	2415
6.333	2267
6.334	2275
6.335	2274
6.336	2191
6.337	2219
6.338	2199
6.339	2156
6.34	2191
6.341	2015
6.342	2051
6.343	2047
6.344	2036
6.345	2046
6.346	1910
6.347	1935
6.348	1921
6.349	1811
6.35	1962
6.351	1862
6.352	1852
6.353	1959
6.354	1828
6.355	1856
6.356	1886
6.357	1839
6.358	1880
6.359	1831
6.36	1890
6.361	1832
6.362	1878
6.363	1924
6.364	1905
6.365	1950
6.366	1990
6.367	1983
6.368	2028
6.369	2071
6.37	2059
6.371	2164
6.372	2207
6.373	2105
6.374	2317
6.375	2249
6.376	2392
6.377	2449
6.378	2506
6.379	2637
6.38	2859
6.381	3111
6.382	3181
6.383	3402
6.384	3724
6.385	4352
6.386	6102
6.387	8397
6.388	8706
6.389	7676
6.39	6822
6.391	5684
6.392	5622
6.393	5344
6.394	5519
6.395	5656
6.396	6067
6.397	6918
6.398	8893
6.399	9794
6.4	7561
6.401	6228
6.402	4938
6.403	4421
6.404	3957
6.405	3648
6.406	3199
6.407	2776
6.408	2422
6.409	2263
6.41	2099
6.411	2081
6.412	2030
6.413	2016
6.414	1842
6.415	1973
6.416	1929
6.417	2109
6.418	2200
6.419	2395
6.42	2905
6.421	3466
6.422	3584
6.423	3484
6.424	3342
6.425	3218
6.426	2989
6.427	2767
6.428	2444
6.429	2111
6.43	1965
6.431	1786
6.432	1618
6.433	1541
6.434	1519
6.435	1554
6.436	1354
6.437	1319
6.438	1397
6.439	1340
6.44	1262
6.441	1238
6.442	1302
6.443	1256
6.444	1167
6.445	1214
6.446	1192
6.447	1263
6.448	1204
6.449	1189
6.45	1159
6.451	1087
6.452	1165
6.453	1211
6.454	1197
6.455	1238
6.456	1237
6.457	1267
6.458	1443
6.459	1717
6.46	1878
6.461	2247
6.462	2996
6.463	3450
6.464	3560
6.465	3662
6.466	3951
6.467	4173
6.468	4302
6.469	4287
6.47	4243
6.471	3911
6.472	3626
6.473	3249
6.474	3349
6.475	3224
6.476	3205
6.477	3600
6.478	4542
6.479	6140
6.48	7784
6.481	6264
6.482	5364
6.483	4446
6.484	4206
6.485	4648
6.486	5345
6.487	5828
6.488	5305
6.489	5785
6.49	5449
6.491	5420
6.492	4027
6.493	3901
6.494	4600
6.495	6638
6.496	5748
6.497	3246
6.498	2100
6.499	2050
6.5	2102
6.501	2177
6.502	2227
6.503	2648
6.504	3165
6.505	3779
6.506	3977
6.507	4032
6.508	4330
6.509	3921
6.51	3808
6.511	3933
6.512	3845
6.513	4180
6.514	4124
6.515	3837
6.516	3679
6.517	3515
6.518	3589
6.519	3730
6.52	4271
6.521	4391
6.522	5103
6.523	5881
6.524	5769
6.525	6548
6.526	8263
6.527	10172
6.528	8391
6.529	8557
6.53	8015
6.531	6485
6.532	6133
6.533	6188
6.534	5445
6.535	4414
6.536	4197
6.537	4048
6.538	4162
6.539	4354
6.54	4083
6.541	4083
6.542	4286
6.543	4415
6.544	2706
6.545	1770
6.546	1672
6.547	1529
6.548	1405
6.549	1226
6.55	1229
6.551	1231
6.552	1326
6.553	1433
6.554	1531
6.555	1924
6.556	2219
6.557	1356
6.558	763
6.559	280
6.56	164
6.561	104
6.562	56
6.563	57
6.564	57
6.565	28
6.566	22
6.567	12
6.568	2